Starting optimization. Instance:1
1 6 36.3450155930153 -3.0674660861995 2.17224504931842
2 12 34.3042071902802 -4.64282854528325 2.53386213550031
3 18 25.4553845218843 -4.36131520910878 3.39059306872245
4 24 21.145705884495 -3.05837558467666 3.69126697001817
5 30 7.84598231350387 -2.84598231350387 5
6 36 7.84598231350387 -2.84598231350387 5
7 42 7.84598231350387 -2.84598231350387 5
8 48 7.84598231350387 -2.84598231350387 5
9 54 7.84598231350387 -2.84598231350387 5
10 60 3.48354110687006 1.51645889312994 5
11 66 3.48354110687006 1.51645889312994 5
12 72 3.48354110687006 1.51645889312994 5
13 78 2.79919832050987 2.20080167949013 5
14 84 0.858264183455745 4.14173581654426 5
15 90 0.858264183455745 4.14173581654426 5
16 96 0.858264183455745 4.14173581654426 5
17 102 0.858264183455745 4.14173581654426 5
18 108 0 5 5
19 114 0 5 5
20 120 0 5 5
21 126 0 5 5
22 132 0 5 5
23 138 0 5 5
24 144 0 5 5
25 150 0 5 5
26 156 0 5 5
27 162 0 5 5
28 168 0 5 5
29 174 0 5 5
30 180 0 5 5
31 186 0 5 5
32 192 0 5 5
33 198 0 5 5
34 204 0 5 5
35 210 0 5 5
36 216 0 5 5
37 222 0 5 5
38 228 0 5 5
39 234 0 5 5
40 240 0 5 5
41 246 0 5 5
42 252 0 5 5
43 258 0 5 5
44 264 0 5 5
45 270 0 5 5
46 276 0 5 5
47 282 0 5 5
48 288 0 5 5
49 294 0 5 5
50 300 0 5 5
51 306 0 5 5
52 312 0 5 5
53 318 0 5 5
54 324 0 5 5
55 330 0 5 5
56 336 0 5 5
57 342 0 5 5
58 348 0 5 5
59 354 0 5 5
60 360 0 5 5
61 366 0 5 5
62 372 0 5 5
63 378 0 5 5
64 384 0 5 5
65 390 0 5 5
66 396 0 5 5
67 402 0 5 5
68 408 0 5 5
69 414 0 5 5
70 420 0 5 5
71 426 0 5 5
72 432 0 5 5
73 438 0 5 5
74 444 0 5 5
75 450 0 5 5
76 456 0 5 5
77 462 0 5 5
78 468 0 5 5
79 474 0 5 5
80 480 0 5 5
81 486 0 5 5
82 492 0 5 5
83 498 0 5 5
84 504 0 5 5
85 510 0 5 5
86 516 0 5 5
87 522 0 5 5
88 528 0 5 5
89 534 0 5 5
90 540 0 5 5
91 546 0 5 5
92 552 0 5 5
93 558 0 5 5
94 564 0 5 5
95 570 0 5 5
96 576 0 5 5
97 582 0 5 5
98 588 0 5 5
99 594 0 5 5
100 600 0 5 5
101 606 0 5 5
102 612 0 5 5
103 618 0 5 5
104 624 0 5 5
105 630 0 5 5
106 636 0 5 5
107 642 0 5 5
108 648 0 5 5
109 654 0 5 5
110 660 0 5 5
111 666 0 5 5
112 672 0 5 5
113 678 0 5 5
114 684 0 5 5
115 690 0 5 5
116 696 0 5 5
117 702 0 5 5
118 708 0 5 5
119 714 0 5 5
120 720 0 5 5
121 726 0 5 5
122 732 0 5 5
123 738 0 5 5
124 744 0 5 5
125 750 0 5 5
126 756 0 5 5
127 762 0 5 5
128 768 0 5 5
129 774 0 5 5
130 780 0 5 5
131 786 0 5 5
132 792 0 5 5
133 798 0 5 5
134 804 0 5 5
135 810 0 5 5
136 816 0 5 5
137 822 0 5 5
138 828 0 5 5
139 834 0 5 5
140 840 0 5 5
141 846 0 5 5
142 852 0 5 5
143 858 0 5 5
144 864 0 5 5
145 870 0 5 5
146 876 0 5 5
147 882 0 5 5
148 888 0 5 5
149 894 0 5 5
150 900 0 5 5
151 906 0 5 5
152 912 0 5 5
153 918 0 5 5
154 924 0 5 5
155 930 0 5 5
156 936 0 5 5
157 942 0 5 5
158 948 0 5 5
159 954 0 5 5
160 960 0 5 5
161 966 0 5 5
162 972 0 5 5
163 978 0 5 5
164 984 0 5 5
Optimization terminated.
Starting optimization. Instance:2
1 6 12.1489608634812 -2.10139665007257 -4.49524357865914
2 12 8.13618769402319 -1.37887061764502 -4.82426829236218
3 18 4.3232931954301 0.676706804569864 -5
4 24 4.3232931954301 0.676706804569864 -5
5 30 4.3232931954301 0.676706804569864 -5
6 36 4.3232931954301 0.676706804569864 -5
7 42 4.3232931954301 0.676706804569864 -5
8 48 3.41816001882137 1.58183998117864 -5
9 54 3.41816001882137 1.58183998117864 -5
10 60 3.07891173673875 1.92108826326128 -5
11 66 3.07891173673875 1.92108826326128 -5
12 72 3.07891173673875 1.92108826326128 -5
13 78 3.07891173673875 1.92108826326128 -5
14 84 1.74619039261677 3.25380960738318 -5
15 90 1.74619039261677 3.25380960738318 -5
16 96 0 5 -5
17 102 0 5 -5
18 108 0 5 -5
19 114 0 5 -5
20 120 0 5 -5
21 126 0 5 -5
22 132 0 5 -5
23 138 0 5 -5
24 144 0 5 -5
25 150 0 5 -5
26 156 0 5 -5
27 162 0 5 -5
28 168 0 5 -5
29 174 0 5 -5
30 180 0 5 -5
31 186 0 5 -5
32 192 0 5 -5
33 198 0 5 -5
34 204 0 5 -5
35 210 0 5 -5
36 216 0 5 -5
37 222 0 5 -5
38 228 0 5 -5
39 234 0 5 -5
40 240 0 5 -5
41 246 0 5 -5
42 252 0 5 -5
43 258 0 5 -5
44 264 0 5 -5
45 270 0 5 -5
46 276 0 5 -5
47 282 0 5 -5
48 288 0 5 -5
49 294 0 5 -5
50 300 0 5 -5
51 306 0 5 -5
52 312 0 5 -5
53 318 0 5 -5
54 324 0 5 -5
55 330 0 5 -5
56 336 0 5 -5
57 342 0 5 -5
58 348 0 5 -5
59 354 0 5 -5
60 360 0 5 -5
61 366 0 5 -5
62 372 0 5 -5
63 378 0 5 -5
64 384 0 5 -5
65 390 0 5 -5
66 396 0 5 -5
67 402 0 5 -5
68 408 0 5 -5
69 414 0 5 -5
70 420 0 5 -5
71 426 0 5 -5
72 432 0 5 -5
73 438 0 5 -5
74 444 0 5 -5
75 450 0 5 -5
76 456 0 5 -5
77 462 0 5 -5
78 468 0 5 -5
79 474 0 5 -5
80 480 0 5 -5
81 486 0 5 -5
82 492 0 5 -5
83 498 0 5 -5
84 504 0 5 -5
85 510 0 5 -5
86 516 0 5 -5
87 522 0 5 -5
88 528 0 5 -5
89 534 0 5 -5
90 540 0 5 -5
91 546 0 5 -5
92 552 0 5 -5
93 558 0 5 -5
94 564 0 5 -5
95 570 0 5 -5
96 576 0 5 -5
97 582 0 5 -5
98 588 0 5 -5
99 594 0 5 -5
100 600 0 5 -5
101 606 0 5 -5
102 612 0 5 -5
103 618 0 5 -5
104 624 0 5 -5
105 630 0 5 -5
106 636 0 5 -5
107 642 0 5 -5
108 648 0 5 -5
109 654 0 5 -5
110 660 0 5 -5
111 666 0 5 -5
112 672 0 5 -5
113 678 0 5 -5
114 684 0 5 -5
115 690 0 5 -5
116 696 0 5 -5
117 702 0 5 -5
118 708 0 5 -5
119 714 0 5 -5
120 720 0 5 -5
121 726 0 5 -5
122 732 0 5 -5
123 738 0 5 -5
124 744 0 5 -5
125 750 0 5 -5
126 756 0 5 -5
127 762 0 5 -5
128 768 0 5 -5
129 774 0 5 -5
130 780 0 5 -5
131 786 0 5 -5
132 792 0 5 -5
133 798 0 5 -5
134 804 0 5 -5
135 810 0 5 -5
136 816 0 5 -5
137 822 0 5 -5
138 828 0 5 -5
139 834 0 5 -5
140 840 0 5 -5
141 846 0 5 -5
142 852 0 5 -5
143 858 0 5 -5
144 864 0 5 -5
145 870 0 5 -5
146 876 0 5 -5
147 882 0 5 -5
148 888 0 5 -5
149 894 0 5 -5
150 900 0 5 -5
151 906 0 5 -5
152 912 0 5 -5
153 918 0 5 -5
154 924 0 5 -5
155 930 0 5 -5
156 936 0 5 -5
157 942 0 5 -5
Optimization terminated.
Starting optimization. Instance:3
1 6 61.0776840481462 -0.0755145595237861 0.615319860767001
2 12 53.241800616383 -0.0561002018620363 -0.170209918175496
3 18 50.106599017473 0.0165819338775723 -0.49099829164046
4 24 43.2929214223706 0.582593357911366 -1.22896719355408
5 30 36.2874833450017 1.16326549986911 -1.98757821548674
6 36 33.1604792201094 1.25241169108932 -2.30919324709799
7 42 4.79615178995581 -0.203848210044182 -5
8 48 2.04666486394669 -3.40446317608277 -4.95488719599705
9 54 2.04666486394669 -3.40446317608277 -4.95488719599705
10 60 2.04666486394669 -3.40446317608277 -4.95488719599705
11 66 2.04666486394669 -3.40446317608277 -4.95488719599705
12 72 2.04666486394669 -3.40446317608277 -4.95488719599705
13 78 2.04666486394669 -3.40446317608277 -4.95488719599705
14 84 1.69910746980666 -3.30089253019333 -5
15 90 0.915154513038715 -4.08484548696129 -5
16 96 0.915154513038715 -4.08484548696129 -5
17 102 0.915154513038715 -4.08484548696129 -5
18 108 0.915154513038715 -4.08484548696129 -5
19 114 0.0183197794718666 -4.98168022052813 -5
20 120 0.0183197794718666 -4.98168022052813 -5
21 126 0.0183197794718666 -4.98168022052813 -5
22 132 0 -5 -5
23 138 0 -5 -5
24 144 0 -5 -5
25 150 0 -5 -5
26 156 0 -5 -5
27 162 0 -5 -5
28 168 0 -5 -5
29 174 0 -5 -5
30 180 0 -5 -5
31 186 0 -5 -5
32 192 0 -5 -5
33 198 0 -5 -5
34 204 0 -5 -5
35 210 0 -5 -5
36 216 0 -5 -5
37 222 0 -5 -5
38 228 0 -5 -5
39 234 0 -5 -5
40 240 0 -5 -5
41 246 0 -5 -5
42 252 0 -5 -5
43 258 0 -5 -5
44 264 0 -5 -5
45 270 0 -5 -5
46 276 0 -5 -5
47 282 0 -5 -5
48 288 0 -5 -5
49 294 0 -5 -5
50 300 0 -5 -5
51 306 0 -5 -5
52 312 0 -5 -5
53 318 0 -5 -5
54 324 0 -5 -5
55 330 0 -5 -5
56 336 0 -5 -5
57 342 0 -5 -5
58 348 0 -5 -5
59 354 0 -5 -5
60 360 0 -5 -5
61 366 0 -5 -5
62 372 0 -5 -5
63 378 0 -5 -5
64 384 0 -5 -5
65 390 0 -5 -5
66 396 0 -5 -5
67 402 0 -5 -5
68 408 0 -5 -5
69 414 0 -5 -5
70 420 0 -5 -5
71 426 0 -5 -5
72 432 0 -5 -5
73 438 0 -5 -5
74 444 0 -5 -5
75 450 0 -5 -5
76 456 0 -5 -5
77 462 0 -5 -5
78 468 0 -5 -5
79 474 0 -5 -5
80 480 0 -5 -5
81 486 0 -5 -5
82 492 0 -5 -5
83 498 0 -5 -5
84 504 0 -5 -5
85 510 0 -5 -5
86 516 0 -5 -5
87 522 0 -5 -5
88 528 0 -5 -5
89 534 0 -5 -5
90 540 0 -5 -5
91 546 0 -5 -5
92 552 0 -5 -5
93 558 0 -5 -5
94 564 0 -5 -5
95 570 0 -5 -5
96 576 0 -5 -5
97 582 0 -5 -5
98 588 0 -5 -5
99 594 0 -5 -5
100 600 0 -5 -5
101 606 0 -5 -5
102 612 0 -5 -5
103 618 0 -5 -5
104 624 0 -5 -5
105 630 0 -5 -5
106 636 0 -5 -5
107 642 0 -5 -5
108 648 0 -5 -5
109 654 0 -5 -5
110 660 0 -5 -5
111 666 0 -5 -5
112 672 0 -5 -5
113 678 0 -5 -5
114 684 0 -5 -5
115 690 0 -5 -5
116 696 0 -5 -5
117 702 0 -5 -5
118 708 0 -5 -5
119 714 0 -5 -5
120 720 0 -5 -5
121 726 0 -5 -5
122 732 0 -5 -5
123 738 0 -5 -5
124 744 0 -5 -5
125 750 0 -5 -5
126 756 0 -5 -5
127 762 0 -5 -5
128 768 0 -5 -5
129 774 0 -5 -5
130 780 0 -5 -5
131 786 0 -5 -5
132 792 0 -5 -5
133 798 0 -5 -5
134 804 0 -5 -5
135 810 0 -5 -5
136 816 0 -5 -5
137 822 0 -5 -5
138 828 0 -5 -5
139 834 0 -5 -5
140 840 0 -5 -5
141 846 0 -5 -5
142 852 0 -5 -5
143 858 0 -5 -5
144 864 0 -5 -5
145 870 0 -5 -5
146 876 0 -5 -5
147 882 0 -5 -5
148 888 0 -5 -5
149 894 0 -5 -5
150 900 0 -5 -5
151 906 0 -5 -5
152 912 0 -5 -5
153 918 0 -5 -5
154 924 0 -5 -5
155 930 0 -5 -5
156 936 0 -5 -5
Optimization terminated.
Starting optimization. Instance:4
1 6 91.1448004383393 3.17377472061871 3.29710257177205
2 12 83.3544249261951 3.18717227770495 2.51672526484901
3 18 72.8866710241542 2.69354220242543 1.51931288217288
4 24 66.0350717018098 2.91399563269543 0.812107606911437
5 30 24.8556869460639 3.42335658861507 -3.35676696425512
6 36 4.21862687207465 -0.781373127925337 -5
7 42 4.21862687207465 -0.781373127925337 -5
8 48 2.17079909186634 -2.8292009081337 -5
9 54 2.17079909186634 -2.8292009081337 -5
10 60 2.17079909186634 -2.8292009081337 -5
11 66 2.17079909186634 -2.8292009081337 -5
12 72 0.901142750238137 -4.09885724976189 -5
13 78 0.901142750238137 -4.09885724976189 -5
14 84 0.901142750238137 -4.09885724976189 -5
15 90 0.901142750238137 -4.09885724976189 -5
16 96 0.901142750238137 -4.09885724976189 -5
17 102 0.901142750238137 -4.09885724976189 -5
18 108 0.899207808184428 -4.10519005762276 -4.99956021341928
19 114 0.899207808184428 -4.10519005762276 -4.99956021341928
20 120 0.899207808184428 -4.10519005762276 -4.99956021341928
21 126 0.787395031245524 -4.21260496875452 -5
22 132 0 -5 -5
23 138 0 -5 -5
24 144 0 -5 -5
25 150 0 -5 -5
26 156 0 -5 -5
27 162 0 -5 -5
28 168 0 -5 -5
29 174 0 -5 -5
30 180 0 -5 -5
31 186 0 -5 -5
32 192 0 -5 -5
33 198 0 -5 -5
34 204 0 -5 -5
35 210 0 -5 -5
36 216 0 -5 -5
37 222 0 -5 -5
38 228 0 -5 -5
39 234 0 -5 -5
40 240 0 -5 -5
41 246 0 -5 -5
42 252 0 -5 -5
43 258 0 -5 -5
44 264 0 -5 -5
45 270 0 -5 -5
46 276 0 -5 -5
47 282 0 -5 -5
48 288 0 -5 -5
49 294 0 -5 -5
50 300 0 -5 -5
51 306 0 -5 -5
52 312 0 -5 -5
53 318 0 -5 -5
54 324 0 -5 -5
55 330 0 -5 -5
56 336 0 -5 -5
57 342 0 -5 -5
58 348 0 -5 -5
59 354 0 -5 -5
60 360 0 -5 -5
61 366 0 -5 -5
62 372 0 -5 -5
63 378 0 -5 -5
64 384 0 -5 -5
65 390 0 -5 -5
66 396 0 -5 -5
67 402 0 -5 -5
68 408 0 -5 -5
69 414 0 -5 -5
70 420 0 -5 -5
71 426 0 -5 -5
72 432 0 -5 -5
73 438 0 -5 -5
74 444 0 -5 -5
75 450 0 -5 -5
76 456 0 -5 -5
77 462 0 -5 -5
78 468 0 -5 -5
79 474 0 -5 -5
80 480 0 -5 -5
81 486 0 -5 -5
82 492 0 -5 -5
83 498 0 -5 -5
84 504 0 -5 -5
85 510 0 -5 -5
86 516 0 -5 -5
87 522 0 -5 -5
88 528 0 -5 -5
89 534 0 -5 -5
90 540 0 -5 -5
91 546 0 -5 -5
92 552 0 -5 -5
93 558 0 -5 -5
94 564 0 -5 -5
95 570 0 -5 -5
96 576 0 -5 -5
97 582 0 -5 -5
98 588 0 -5 -5
99 594 0 -5 -5
100 600 0 -5 -5
101 606 0 -5 -5
102 612 0 -5 -5
103 618 0 -5 -5
104 624 0 -5 -5
105 630 0 -5 -5
106 636 0 -5 -5
107 642 0 -5 -5
108 648 0 -5 -5
109 654 0 -5 -5
110 660 0 -5 -5
111 666 0 -5 -5
112 672 0 -5 -5
113 678 0 -5 -5
114 684 0 -5 -5
115 690 0 -5 -5
116 696 0 -5 -5
117 702 0 -5 -5
118 708 0 -5 -5
119 714 0 -5 -5
120 720 0 -5 -5
121 726 0 -5 -5
122 732 0 -5 -5
123 738 0 -5 -5
124 744 0 -5 -5
125 750 0 -5 -5
126 756 0 -5 -5
127 762 0 -5 -5
128 768 0 -5 -5
129 774 0 -5 -5
130 780 0 -5 -5
131 786 0 -5 -5
132 792 0 -5 -5
133 798 0 -5 -5
134 804 0 -5 -5
135 810 0 -5 -5
136 816 0 -5 -5
137 822 0 -5 -5
138 828 0 -5 -5
139 834 0 -5 -5
140 840 0 -5 -5
141 846 0 -5 -5
142 852 0 -5 -5
143 858 0 -5 -5
144 864 0 -5 -5
145 870 0 -5 -5
146 876 0 -5 -5
147 882 0 -5 -5
148 888 0 -5 -5
149 894 0 -5 -5
150 900 0 -5 -5
151 906 0 -5 -5
152 912 0 -5 -5
153 918 0 -5 -5
154 924 0 -5 -5
155 930 0 -5 -5
156 936 0 -5 -5
157 942 0 -5 -5
158 948 0 -5 -5
159 954 0 -5 -5
160 960 0 -5 -5
161 966 0 -5 -5
162 972 0 -5 -5
163 978 0 -5 -5
164 984 0 -5 -5
165 990 0 -5 -5
166 996 0 -5 -5
167 1002 0 -5 -5
168 1008 0 -5 -5
169 1014 0 -5 -5
170 1020 0 -5 -5
171 1026 0 -5 -5
172 1032 0 -5 -5
173 1038 0 -5 -5
174 1044 0 -5 -5
175 1050 0 -5 -5
176 1056 0 -5 -5
177 1062 0 -5 -5
Optimization terminated.
Starting optimization. Instance:5
1 6 15.1262771173211 -1.2875436674345 4.11612665501134
2 12 7.56721381780345 -1.55496410068428 4.89877502828808
3 18 5.85259530197192 -0.852595301971917 5
4 24 5.85259530197192 -0.852595301971917 5
5 30 5.26799337175324 -0.267993371753236 5
6 36 5.26799337175324 -0.267993371753236 5
7 42 3.76400088898581 1.23599911101419 5
8 48 3.76400088898581 1.23599911101419 5
9 54 2.09097025343733 2.90902974656266 5
10 60 2.09097025343733 2.90902974656266 5
11 66 2.09097025343733 2.90902974656266 5
12 72 2.09097025343733 2.90902974656266 5
13 78 0.606673059480123 4.39332694051988 5
14 84 0.0140831607180445 4.98591683928196 5
15 90 0.0140831607180445 4.98591683928196 5
16 96 0.0140831607180445 4.98591683928196 5
17 102 0.0140831607180445 4.98591683928196 5
18 108 0.0140831607180445 4.98591683928196 5
19 114 0 5 5
20 120 0 5 5
21 126 0 5 5
22 132 0 5 5
23 138 0 5 5
24 144 0 5 5
25 150 0 5 5
26 156 0 5 5
27 162 0 5 5
28 168 0 5 5
29 174 0 5 5
30 180 0 5 5
31 186 0 5 5
32 192 0 5 5
33 198 0 5 5
34 204 0 5 5
35 210 0 5 5
36 216 0 5 5
37 222 0 5 5
38 228 0 5 5
39 234 0 5 5
40 240 0 5 5
41 246 0 5 5
42 252 0 5 5
43 258 0 5 5
44 264 0 5 5
45 270 0 5 5
46 276 0 5 5
47 282 0 5 5
48 288 0 5 5
49 294 0 5 5
50 300 0 5 5
51 306 0 5 5
52 312 0 5 5
53 318 0 5 5
54 324 0 5 5
55 330 0 5 5
56 336 0 5 5
57 342 0 5 5
58 348 0 5 5
59 354 0 5 5
60 360 0 5 5
61 366 0 5 5
62 372 0 5 5
63 378 0 5 5
64 384 0 5 5
65 390 0 5 5
66 396 0 5 5
67 402 0 5 5
68 408 0 5 5
69 414 0 5 5
70 420 0 5 5
71 426 0 5 5
72 432 0 5 5
73 438 0 5 5
74 444 0 5 5
75 450 0 5 5
76 456 0 5 5
77 462 0 5 5
78 468 0 5 5
79 474 0 5 5
80 480 0 5 5
81 486 0 5 5
82 492 0 5 5
83 498 0 5 5
84 504 0 5 5
85 510 0 5 5
86 516 0 5 5
87 522 0 5 5
88 528 0 5 5
89 534 0 5 5
90 540 0 5 5
91 546 0 5 5
92 552 0 5 5
93 558 0 5 5
94 564 0 5 5
95 570 0 5 5
96 576 0 5 5
97 582 0 5 5
98 588 0 5 5
99 594 0 5 5
100 600 0 5 5
101 606 0 5 5
102 612 0 5 5
103 618 0 5 5
104 624 0 5 5
105 630 0 5 5
106 636 0 5 5
107 642 0 5 5
108 648 0 5 5
109 654 0 5 5
110 660 0 5 5
111 666 0 5 5
112 672 0 5 5
113 678 0 5 5
114 684 0 5 5
115 690 0 5 5
116 696 0 5 5
117 702 0 5 5
118 708 0 5 5
119 714 0 5 5
120 720 0 5 5
121 726 0 5 5
122 732 0 5 5
123 738 0 5 5
124 744 0 5 5
125 750 0 5 5
126 756 0 5 5
127 762 0 5 5
128 768 0 5 5
129 774 0 5 5
130 780 0 5 5
131 786 0 5 5
132 792 0 5 5
133 798 0 5 5
134 804 0 5 5
135 810 0 5 5
136 816 0 5 5
137 822 0 5 5
138 828 0 5 5
139 834 0 5 5
140 840 0 5 5
141 846 0 5 5
142 852 0 5 5
143 858 0 5 5
144 864 0 5 5
145 870 0 5 5
146 876 0 5 5
147 882 0 5 5
148 888 0 5 5
149 894 0 5 5
150 900 0 5 5
151 906 0 5 5
152 912 0 5 5
153 918 0 5 5
154 924 0 5 5
155 930 0 5 5
156 936 0 5 5
157 942 0 5 5
158 948 0 5 5
159 954 0 5 5
160 960 0 5 5
161 966 0 5 5
162 972 0 5 5
163 978 0 5 5
164 984 0 5 5
165 990 0 5 5
166 996 0 5 5
167 1002 0 5 5
168 1008 0 5 5
169 1014 0 5 5
170 1020 0 5 5
171 1026 0 5 5
172 1032 0 5 5
173 1038 0 5 5
174 1044 0 5 5
175 1050 0 5 5
176 1056 0 5 5
Optimization terminated.
Starting optimization. Instance:6
1 6 65.3463288473991 -1.99006769731787 -0.835626115008124
2 12 60.1936338503938 -2.39266773747717 -0.280096611291663
3 18 48.3865209877788 -2.38067640523332 0.89941554174545
4 24 21.287094735856 -3.06851521221475 3.67814204763587
5 30 8.50223575297423 -1.40255857415323 4.7900322821179
6 36 6.32189556308657 -1.32189556308656 5
7 42 6.32189556308657 -1.32189556308656 5
8 48 6.22073755352091 -1.22073755352092 5
9 54 6.22073755352091 -1.22073755352092 5
10 60 6.22073755352091 -1.22073755352092 5
11 66 6.22073755352091 -1.22073755352092 5
12 72 6.22073755352091 -1.22073755352092 5
13 78 6.22073755352091 -1.22073755352092 5
14 84 6.22073755352091 -1.22073755352092 5
15 90 6.22073755352091 -1.22073755352092 5
16 96 6.22073755352091 -1.22073755352092 5
17 102 6.22073755352091 -1.22073755352092 5
18 108 6.22073755352091 -1.22073755352092 5
19 114 6.1343914913212 -1.1343914913212 5
20 120 6.1343914913212 -1.1343914913212 5
21 126 4.70003231437323 0.312374256458662 4.99875934291681
22 132 4.70003231437323 0.312374256458662 4.99875934291681
23 138 4.70003231437323 0.312374256458662 4.99875934291681
24 144 3.21888730143655 1.78111269856343 5
25 150 2.06825613489627 2.93174386510371 5
26 156 1.53334295005482 3.46665704994517 5
27 162 1.53334295005482 3.46665704994517 5
28 168 0.702846445495879 5 4.92971535545041
29 174 0.702846445495879 5 4.92971535545041
30 180 0.702846445495879 5 4.92971535545041
31 186 0.702846445495879 5 4.92971535545041
32 192 0.702846445495879 5 4.92971535545041
33 198 0.702846445495879 5 4.92971535545041
34 204 0.702846445495879 5 4.92971535545041
35 210 0.702846445495879 5 4.92971535545041
36 216 0.702846445495879 5 4.92971535545041
37 222 0.636738837166376 4.36326116283364 5
38 228 0 5 5
39 234 0 5 5
40 240 0 5 5
41 246 0 5 5
42 252 0 5 5
43 258 0 5 5
44 264 0 5 5
45 270 0 5 5
46 276 0 5 5
47 282 0 5 5
48 288 0 5 5
49 294 0 5 5
50 300 0 5 5
51 306 0 5 5
52 312 0 5 5
53 318 0 5 5
54 324 0 5 5
55 330 0 5 5
56 336 0 5 5
57 342 0 5 5
58 348 0 5 5
59 354 0 5 5
60 360 0 5 5
61 366 0 5 5
62 372 0 5 5
63 378 0 5 5
64 384 0 5 5
65 390 0 5 5
66 396 0 5 5
67 402 0 5 5
68 408 0 5 5
69 414 0 5 5
70 420 0 5 5
71 426 0 5 5
72 432 0 5 5
73 438 0 5 5
74 444 0 5 5
75 450 0 5 5
76 456 0 5 5
77 462 0 5 5
78 468 0 5 5
79 474 0 5 5
80 480 0 5 5
81 486 0 5 5
82 492 0 5 5
83 498 0 5 5
84 504 0 5 5
85 510 0 5 5
86 516 0 5 5
87 522 0 5 5
88 528 0 5 5
89 534 0 5 5
90 540 0 5 5
91 546 0 5 5
92 552 0 5 5
93 558 0 5 5
94 564 0 5 5
95 570 0 5 5
96 576 0 5 5
97 582 0 5 5
98 588 0 5 5
99 594 0 5 5
100 600 0 5 5
101 606 0 5 5
102 612 0 5 5
103 618 0 5 5
104 624 0 5 5
105 630 0 5 5
106 636 0 5 5
107 642 0 5 5
108 648 0 5 5
109 654 0 5 5
110 660 0 5 5
111 666 0 5 5
112 672 0 5 5
113 678 0 5 5
114 684 0 5 5
115 690 0 5 5
116 696 0 5 5
117 702 0 5 5
118 708 0 5 5
119 714 0 5 5
120 720 0 5 5
121 726 0 5 5
122 732 0 5 5
123 738 0 5 5
124 744 0 5 5
125 750 0 5 5
126 756 0 5 5
127 762 0 5 5
128 768 0 5 5
129 774 0 5 5
130 780 0 5 5
131 786 0 5 5
132 792 0 5 5
133 798 0 5 5
134 804 0 5 5
135 810 0 5 5
136 816 0 5 5
137 822 0 5 5
138 828 0 5 5
139 834 0 5 5
140 840 0 5 5
141 846 0 5 5
142 852 0 5 5
143 858 0 5 5
144 864 0 5 5
145 870 0 5 5
146 876 0 5 5
147 882 0 5 5
148 888 0 5 5
149 894 0 5 5
150 900 0 5 5
151 906 0 5 5
152 912 0 5 5
153 918 0 5 5
154 924 0 5 5
155 930 0 5 5
156 936 0 5 5
157 942 0 5 5
158 948 0 5 5
159 954 0 5 5
160 960 0 5 5
161 966 0 5 5
162 972 0 5 5
163 978 0 5 5
164 984 0 5 5
165 990 0 5 5
166 996 0 5 5
167 1002 0 5 5
168 1008 0 5 5
169 1014 0 5 5
170 1020 0 5 5
171 1026 0 5 5
172 1032 0 5 5
173 1038 0 5 5
174 1044 0 5 5
175 1050 0 5 5
176 1056 0 5 5
177 1062 0 5 5
178 1068 0 5 5
179 1074 0 5 5
180 1080 0 5 5
181 1086 0 5 5
182 1092 0 5 5
Optimization terminated.
Starting optimization. Instance:7
1 6 65.0221491516808 -3.95832702104931 1.39804761727301
2 12 57.6565466801522 -3.24647249707563 0.590301917722781
3 18 35.4515057798558 -4.76517812810254 -1.47833160920417
4 24 16.0377987180541 -3.08014719135201 -3.58820540905939
5 30 15.5417145157099 -3.57400822982009 -3.588427725447
6 36 15.5417145157099 -3.57400822982009 -3.588427725447
7 42 5.63252418983676 0.632524189836755 -5
8 48 5.63252418983676 0.632524189836755 -5
9 54 5.63252418983676 0.632524189836755 -5
10 60 5.63252418983676 0.632524189836755 -5
11 66 3.49264214111983 -1.50735785888018 -5
12 72 3.49264214111983 -1.50735785888018 -5
13 78 2.30650520287972 -4.18993208592569 -4.85035627111946
14 84 2.30650520287972 -4.18993208592569 -4.85035627111946
15 90 2.30650520287972 -4.18993208592569 -4.85035627111946
16 96 2.30650520287972 -4.18993208592569 -4.85035627111946
17 102 2.30650520287972 -4.18993208592569 -4.85035627111946
18 108 1.38942290585243 -3.61057709414756 -5
19 114 1.13031935387349 -3.86968064612651 -5
20 120 1.13031935387349 -3.86968064612651 -5
21 126 0.203574926360943 -4.79642507363906 -5
22 132 0.203574926360943 -4.79642507363906 -5
23 138 0.203574926360943 -4.79642507363906 -5
24 144 0.203574926360943 -4.79642507363906 -5
25 150 0.203574926360943 -4.79642507363906 -5
26 156 0 -5 -5
27 162 0 -5 -5
28 168 0 -5 -5
29 174 0 -5 -5
30 180 0 -5 -5
31 186 0 -5 -5
32 192 0 -5 -5
33 198 0 -5 -5
34 204 0 -5 -5
35 210 0 -5 -5
36 216 0 -5 -5
37 222 0 -5 -5
38 228 0 -5 -5
39 234 0 -5 -5
40 240 0 -5 -5
41 246 0 -5 -5
42 252 0 -5 -5
43 258 0 -5 -5
44 264 0 -5 -5
45 270 0 -5 -5
46 276 0 -5 -5
47 282 0 -5 -5
48 288 0 -5 -5
49 294 0 -5 -5
50 300 0 -5 -5
51 306 0 -5 -5
52 312 0 -5 -5
53 318 0 -5 -5
54 324 0 -5 -5
55 330 0 -5 -5
56 336 0 -5 -5
57 342 0 -5 -5
58 348 0 -5 -5
59 354 0 -5 -5
60 360 0 -5 -5
61 366 0 -5 -5
62 372 0 -5 -5
63 378 0 -5 -5
64 384 0 -5 -5
65 390 0 -5 -5
66 396 0 -5 -5
67 402 0 -5 -5
68 408 0 -5 -5
69 414 0 -5 -5
70 420 0 -5 -5
71 426 0 -5 -5
72 432 0 -5 -5
73 438 0 -5 -5
74 444 0 -5 -5
75 450 0 -5 -5
76 456 0 -5 -5
77 462 0 -5 -5
78 468 0 -5 -5
79 474 0 -5 -5
80 480 0 -5 -5
81 486 0 -5 -5
82 492 0 -5 -5
83 498 0 -5 -5
84 504 0 -5 -5
85 510 0 -5 -5
86 516 0 -5 -5
87 522 0 -5 -5
88 528 0 -5 -5
89 534 0 -5 -5
90 540 0 -5 -5
91 546 0 -5 -5
92 552 0 -5 -5
93 558 0 -5 -5
94 564 0 -5 -5
95 570 0 -5 -5
96 576 0 -5 -5
97 582 0 -5 -5
98 588 0 -5 -5
99 594 0 -5 -5
100 600 0 -5 -5
101 606 0 -5 -5
102 612 0 -5 -5
103 618 0 -5 -5
104 624 0 -5 -5
105 630 0 -5 -5
106 636 0 -5 -5
107 642 0 -5 -5
108 648 0 -5 -5
109 654 0 -5 -5
110 660 0 -5 -5
111 666 0 -5 -5
112 672 0 -5 -5
113 678 0 -5 -5
114 684 0 -5 -5
115 690 0 -5 -5
116 696 0 -5 -5
117 702 0 -5 -5
118 708 0 -5 -5
119 714 0 -5 -5
120 720 0 -5 -5
121 726 0 -5 -5
122 732 0 -5 -5
123 738 0 -5 -5
124 744 0 -5 -5
125 750 0 -5 -5
126 756 0 -5 -5
127 762 0 -5 -5
128 768 0 -5 -5
129 774 0 -5 -5
130 780 0 -5 -5
131 786 0 -5 -5
132 792 0 -5 -5
133 798 0 -5 -5
134 804 0 -5 -5
135 810 0 -5 -5
136 816 0 -5 -5
137 822 0 -5 -5
138 828 0 -5 -5
139 834 0 -5 -5
140 840 0 -5 -5
141 846 0 -5 -5
142 852 0 -5 -5
143 858 0 -5 -5
144 864 0 -5 -5
145 870 0 -5 -5
146 876 0 -5 -5
147 882 0 -5 -5
148 888 0 -5 -5
149 894 0 -5 -5
150 900 0 -5 -5
151 906 0 -5 -5
152 912 0 -5 -5
153 918 0 -5 -5
154 924 0 -5 -5
155 930 0 -5 -5
156 936 0 -5 -5
157 942 0 -5 -5
158 948 0 -5 -5
159 954 0 -5 -5
160 960 0 -5 -5
161 966 0 -5 -5
162 972 0 -5 -5
163 978 0 -5 -5
164 984 0 -5 -5
165 990 0 -5 -5
166 996 0 -5 -5
167 1002 0 -5 -5
168 1008 0 -5 -5
169 1014 0 -5 -5
170 1020 0 -5 -5
171 1026 0 -5 -5
172 1032 0 -5 -5
173 1038 0 -5 -5
174 1044 0 -5 -5
175 1050 0 -5 -5
176 1056 0 -5 -5
177 1062 0 -5 -5
178 1068 0 -5 -5
179 1074 0 -5 -5
Optimization terminated.
Starting optimization. Instance:8
1 6 55.5058835315285 0.257002477707773 -0.0248881053820779
2 12 40.2573531283373 0.350806360070452 1.50934532317331
3 18 19.5761210432655 -1.27099662994693 3.41528823267876
4 24 18.1914536235814 -4.64235602485441 3.21661903515642
5 30 18.1914536235814 -4.64235602485441 3.21661903515642
6 36 18.1914536235814 -4.64235602485441 3.21661903515642
7 42 18.1914536235814 -4.64235602485441 3.21661903515642
8 48 8.40030296912533 3.40030296912533 5
9 54 2.67902734399803 -2.32097265600196 5
10 60 2.67902734399803 -2.32097265600196 5
11 66 2.67902734399803 -2.32097265600196 5
12 72 2.67902734399803 -2.32097265600196 5
13 78 2.67902734399803 -2.32097265600196 5
14 84 2.67902734399803 -2.32097265600196 5
15 90 2.67902734399803 -2.32097265600196 5
16 96 2.67902734399803 -2.32097265600196 5
17 102 2.67902734399803 -2.32097265600196 5
18 108 2.67902734399803 -2.32097265600196 5
19 114 2.67902734399803 -2.32097265600196 5
20 120 2.67902734399803 -2.32097265600196 5
21 126 2.67902734399803 -2.32097265600196 5
22 132 0 -5 5
23 138 0 -5 5
24 144 0 -5 5
25 150 0 -5 5
26 156 0 -5 5
27 162 0 -5 5
28 168 0 -5 5
29 174 0 -5 5
30 180 0 -5 5
31 186 0 -5 5
32 192 0 -5 5
33 198 0 -5 5
34 204 0 -5 5
35 210 0 -5 5
36 216 0 -5 5
37 222 0 -5 5
38 228 0 -5 5
39 234 0 -5 5
40 240 0 -5 5
41 246 0 -5 5
42 252 0 -5 5
43 258 0 -5 5
44 264 0 -5 5
45 270 0 -5 5
46 276 0 -5 5
47 282 0 -5 5
48 288 0 -5 5
49 294 0 -5 5
50 300 0 -5 5
51 306 0 -5 5
52 312 0 -5 5
53 318 0 -5 5
54 324 0 -5 5
55 330 0 -5 5
56 336 0 -5 5
57 342 0 -5 5
58 348 0 -5 5
59 354 0 -5 5
60 360 0 -5 5
61 366 0 -5 5
62 372 0 -5 5
63 378 0 -5 5
64 384 0 -5 5
65 390 0 -5 5
66 396 0 -5 5
67 402 0 -5 5
68 408 0 -5 5
69 414 0 -5 5
70 420 0 -5 5
71 426 0 -5 5
72 432 0 -5 5
73 438 0 -5 5
74 444 0 -5 5
75 450 0 -5 5
76 456 0 -5 5
77 462 0 -5 5
78 468 0 -5 5
79 474 0 -5 5
80 480 0 -5 5
81 486 0 -5 5
82 492 0 -5 5
83 498 0 -5 5
84 504 0 -5 5
85 510 0 -5 5
86 516 0 -5 5
87 522 0 -5 5
88 528 0 -5 5
89 534 0 -5 5
90 540 0 -5 5
91 546 0 -5 5
92 552 0 -5 5
93 558 0 -5 5
94 564 0 -5 5
95 570 0 -5 5
96 576 0 -5 5
97 582 0 -5 5
98 588 0 -5 5
99 594 0 -5 5
100 600 0 -5 5
101 606 0 -5 5
102 612 0 -5 5
103 618 0 -5 5
104 624 0 -5 5
105 630 0 -5 5
106 636 0 -5 5
107 642 0 -5 5
108 648 0 -5 5
109 654 0 -5 5
110 660 0 -5 5
111 666 0 -5 5
112 672 0 -5 5
113 678 0 -5 5
114 684 0 -5 5
115 690 0 -5 5
116 696 0 -5 5
117 702 0 -5 5
118 708 0 -5 5
119 714 0 -5 5
120 720 0 -5 5
121 726 0 -5 5
122 732 0 -5 5
123 738 0 -5 5
124 744 0 -5 5
125 750 0 -5 5
126 756 0 -5 5
127 762 0 -5 5
128 768 0 -5 5
129 774 0 -5 5
130 780 0 -5 5
131 786 0 -5 5
132 792 0 -5 5
133 798 0 -5 5
134 804 0 -5 5
135 810 0 -5 5
136 816 0 -5 5
137 822 0 -5 5
138 828 0 -5 5
139 834 0 -5 5
140 840 0 -5 5
141 846 0 -5 5
142 852 0 -5 5
143 858 0 -5 5
144 864 0 -5 5
145 870 0 -5 5
146 876 0 -5 5
147 882 0 -5 5
148 888 0 -5 5
149 894 0 -5 5
150 900 0 -5 5
151 906 0 -5 5
152 912 0 -5 5
153 918 0 -5 5
154 924 0 -5 5
155 930 0 -5 5
156 936 0 -5 5
157 942 0 -5 5
158 948 0 -5 5
159 954 0 -5 5
160 960 0 -5 5
161 966 0 -5 5
162 972 0 -5 5
163 978 0 -5 5
164 984 0 -5 5
165 990 0 -5 5
166 996 0 -5 5
167 1002 0 -5 5
168 1008 0 -5 5
169 1014 0 -5 5
Optimization terminated.
Starting optimization. Instance:9
1 6 65.2975441909245 -4.0670192073094 1.43645633982339
2 12 60.2053872852571 -3.52052411997314 0.872591140523021
3 18 57.2837634131755 -4.23310851441869 0.651687192759416
4 24 44.3557911120027 -5 -0.564420888799734
5 30 22.9502851735937 -4.23519160452045 -2.78145232218858
6 36 14.0221440640592 -3.23208413700447 -3.77457717989363
7 42 8.20919603583817 3.20919603583817 -5
8 48 8.20919603583817 3.20919603583817 -5
9 54 8.20919603583817 3.20919603583817 -5
10 60 8.20919603583817 3.20919603583817 -5
11 66 8.20919603583817 3.20919603583817 -5
12 72 8.20919603583817 3.20919603583817 -5
13 78 8.20919603583817 3.20919603583817 -5
14 84 7.17414535625959 2.17414535625959 -5
15 90 0.44255306177466 -4.55744693822533 -5
16 96 0 -5 -5
17 102 0 -5 -5
18 108 0 -5 -5
19 114 0 -5 -5
20 120 0 -5 -5
21 126 0 -5 -5
22 132 0 -5 -5
23 138 0 -5 -5
24 144 0 -5 -5
25 150 0 -5 -5
26 156 0 -5 -5
27 162 0 -5 -5
28 168 0 -5 -5
29 174 0 -5 -5
30 180 0 -5 -5
31 186 0 -5 -5
32 192 0 -5 -5
33 198 0 -5 -5
34 204 0 -5 -5
35 210 0 -5 -5
36 216 0 -5 -5
37 222 0 -5 -5
38 228 0 -5 -5
39 234 0 -5 -5
40 240 0 -5 -5
41 246 0 -5 -5
42 252 0 -5 -5
43 258 0 -5 -5
44 264 0 -5 -5
45 270 0 -5 -5
46 276 0 -5 -5
47 282 0 -5 -5
48 288 0 -5 -5
49 294 0 -5 -5
50 300 0 -5 -5
51 306 0 -5 -5
52 312 0 -5 -5
53 318 0 -5 -5
54 324 0 -5 -5
55 330 0 -5 -5
56 336 0 -5 -5
57 342 0 -5 -5
58 348 0 -5 -5
59 354 0 -5 -5
60 360 0 -5 -5
61 366 0 -5 -5
62 372 0 -5 -5
63 378 0 -5 -5
64 384 0 -5 -5
65 390 0 -5 -5
66 396 0 -5 -5
67 402 0 -5 -5
68 408 0 -5 -5
69 414 0 -5 -5
70 420 0 -5 -5
71 426 0 -5 -5
72 432 0 -5 -5
73 438 0 -5 -5
74 444 0 -5 -5
75 450 0 -5 -5
76 456 0 -5 -5
77 462 0 -5 -5
78 468 0 -5 -5
79 474 0 -5 -5
80 480 0 -5 -5
81 486 0 -5 -5
82 492 0 -5 -5
83 498 0 -5 -5
84 504 0 -5 -5
85 510 0 -5 -5
86 516 0 -5 -5
87 522 0 -5 -5
88 528 0 -5 -5
89 534 0 -5 -5
90 540 0 -5 -5
91 546 0 -5 -5
92 552 0 -5 -5
93 558 0 -5 -5
94 564 0 -5 -5
95 570 0 -5 -5
96 576 0 -5 -5
97 582 0 -5 -5
98 588 0 -5 -5
99 594 0 -5 -5
100 600 0 -5 -5
101 606 0 -5 -5
102 612 0 -5 -5
103 618 0 -5 -5
104 624 0 -5 -5
105 630 0 -5 -5
106 636 0 -5 -5
107 642 0 -5 -5
108 648 0 -5 -5
109 654 0 -5 -5
110 660 0 -5 -5
111 666 0 -5 -5
112 672 0 -5 -5
113 678 0 -5 -5
114 684 0 -5 -5
115 690 0 -5 -5
116 696 0 -5 -5
117 702 0 -5 -5
118 708 0 -5 -5
119 714 0 -5 -5
120 720 0 -5 -5
121 726 0 -5 -5
122 732 0 -5 -5
123 738 0 -5 -5
124 744 0 -5 -5
125 750 0 -5 -5
126 756 0 -5 -5
127 762 0 -5 -5
128 768 0 -5 -5
129 774 0 -5 -5
130 780 0 -5 -5
131 786 0 -5 -5
132 792 0 -5 -5
133 798 0 -5 -5
134 804 0 -5 -5
135 810 0 -5 -5
136 816 0 -5 -5
137 822 0 -5 -5
138 828 0 -5 -5
139 834 0 -5 -5
140 840 0 -5 -5
141 846 0 -5 -5
142 852 0 -5 -5
143 858 0 -5 -5
144 864 0 -5 -5
145 870 0 -5 -5
146 876 0 -5 -5
147 882 0 -5 -5
148 888 0 -5 -5
149 894 0 -5 -5
150 900 0 -5 -5
151 906 0 -5 -5
152 912 0 -5 -5
153 918 0 -5 -5
154 924 0 -5 -5
155 930 0 -5 -5
156 936 0 -5 -5
157 942 0 -5 -5
158 948 0 -5 -5
159 954 0 -5 -5
160 960 0 -5 -5
161 966 0 -5 -5
Optimization terminated.
Starting optimization. Instance:10
1 6 74.1440927328972 -4.79734597661729 -1.43467467562799
2 12 63.1249906572114 -5 -0.312499065721138
3 18 57.5965938321328 -4.56426363032532 0.196766979819256
4 24 30.6321235927653 -5 2.93678764072347
5 30 9.52671825254786 -4.52671825254786 5
6 36 9.52671825254786 -4.52671825254786 5
7 42 9.52671825254786 -4.52671825254786 5
8 48 9.52671825254786 -4.52671825254786 5
9 54 5.39625158634468 -0.396251586344675 5
10 60 5.39625158634468 -0.396251586344675 5
11 66 5.39625158634468 -0.396251586344675 5
12 72 5.39625158634468 -0.396251586344675 5
13 78 5.39625158634468 -0.396251586344675 5
14 84 5.39625158634468 -0.396251586344675 5
15 90 2.67612866603525 2.32387133396475 5
16 96 2.67612866603525 2.32387133396475 5
17 102 2.67612866603525 2.32387133396475 5
18 108 2.58142074906146 2.41857925093854 5
19 114 2.58142074906146 2.41857925093854 5
20 120 0 5 5
21 126 0 5 5
22 132 0 5 5
23 138 0 5 5
24 144 0 5 5
25 150 0 5 5
26 156 0 5 5
27 162 0 5 5
28 168 0 5 5
29 174 0 5 5
30 180 0 5 5
31 186 0 5 5
32 192 0 5 5
33 198 0 5 5
34 204 0 5 5
35 210 0 5 5
36 216 0 5 5
37 222 0 5 5
38 228 0 5 5
39 234 0 5 5
40 240 0 5 5
41 246 0 5 5
42 252 0 5 5
43 258 0 5 5
44 264 0 5 5
45 270 0 5 5
46 276 0 5 5
47 282 0 5 5
48 288 0 5 5
49 294 0 5 5
50 300 0 5 5
51 306 0 5 5
52 312 0 5 5
53 318 0 5 5
54 324 0 5 5
55 330 0 5 5
56 336 0 5 5
57 342 0 5 5
58 348 0 5 5
59 354 0 5 5
60 360 0 5 5
61 366 0 5 5
62 372 0 5 5
63 378 0 5 5
64 384 0 5 5
65 390 0 5 5
66 396 0 5 5
67 402 0 5 5
68 408 0 5 5
69 414 0 5 5
70 420 0 5 5
71 426 0 5 5
72 432 0 5 5
73 438 0 5 5
74 444 0 5 5
75 450 0 5 5
76 456 0 5 5
77 462 0 5 5
78 468 0 5 5
79 474 0 5 5
80 480 0 5 5
81 486 0 5 5
82 492 0 5 5
83 498 0 5 5
84 504 0 5 5
85 510 0 5 5
86 516 0 5 5
87 522 0 5 5
88 528 0 5 5
89 534 0 5 5
90 540 0 5 5
91 546 0 5 5
92 552 0 5 5
93 558 0 5 5
94 564 0 5 5
95 570 0 5 5
96 576 0 5 5
97 582 0 5 5
98 588 0 5 5
99 594 0 5 5
100 600 0 5 5
101 606 0 5 5
102 612 0 5 5
103 618 0 5 5
104 624 0 5 5
105 630 0 5 5
106 636 0 5 5
107 642 0 5 5
108 648 0 5 5
109 654 0 5 5
110 660 0 5 5
111 666 0 5 5
112 672 0 5 5
113 678 0 5 5
114 684 0 5 5
115 690 0 5 5
116 696 0 5 5
117 702 0 5 5
118 708 0 5 5
119 714 0 5 5
120 720 0 5 5
121 726 0 5 5
122 732 0 5 5
123 738 0 5 5
124 744 0 5 5
125 750 0 5 5
126 756 0 5 5
127 762 0 5 5
128 768 0 5 5
129 774 0 5 5
130 780 0 5 5
131 786 0 5 5
132 792 0 5 5
133 798 0 5 5
134 804 0 5 5
135 810 0 5 5
136 816 0 5 5
137 822 0 5 5
138 828 0 5 5
139 834 0 5 5
140 840 0 5 5
141 846 0 5 5
142 852 0 5 5
143 858 0 5 5
144 864 0 5 5
145 870 0 5 5
146 876 0 5 5
147 882 0 5 5
148 888 0 5 5
149 894 0 5 5
150 900 0 5 5
151 906 0 5 5
152 912 0 5 5
153 918 0 5 5
154 924 0 5 5
155 930 0 5 5
156 936 0 5 5
157 942 0 5 5
158 948 0 5 5
159 954 0 5 5
160 960 0 5 5
161 966 0 5 5
162 972 0 5 5
163 978 0 5 5
164 984 0 5 5
165 990 0 5 5
166 996 0 5 5
167 1002 0 5 5
168 1008 0 5 5
169 1014 0 5 5
170 1020 0 5 5
171 1026 0 5 5
172 1032 0 5 5
173 1038 0 5 5
174 1044 0 5 5
Optimization terminated.
Starting optimization. Instance:11
1 6 37.8767299465797 -1.75565571998471 -1.88789257734051
2 12 22.2393637726057 -2.51815782005936 -3.52787940474537
3 18 8.66693056178442 -2.37918119409991 -4.87122506323155
4 24 6.42222801432589 -1.4222280143259 -5
5 30 6.42222801432589 -1.4222280143259 -5
6 36 6.42222801432589 -1.4222280143259 -5
7 42 6.42222801432589 -1.4222280143259 -5
8 48 6.42222801432589 -1.4222280143259 -5
9 54 4.03499098560144 0.965009014398562 -5
10 60 4.03499098560144 0.965009014398562 -5
11 66 2.40234738450036 2.59765261549964 -5
12 72 0.694432748542877 4.30556725145712 -5
13 78 -3.5527136788005e-15 5 -5
14 84 -3.5527136788005e-15 5 -5
15 90 -3.5527136788005e-15 5 -5
16 96 -3.5527136788005e-15 5 -5
17 102 -3.5527136788005e-15 5 -5
18 108 -3.5527136788005e-15 5 -5
19 114 -3.5527136788005e-15 5 -5
20 120 -3.5527136788005e-15 5 -5
21 126 -3.5527136788005e-15 5 -5
22 132 -3.5527136788005e-15 5 -5
23 138 -3.5527136788005e-15 5 -5
24 144 -3.5527136788005e-15 5 -5
25 150 -3.5527136788005e-15 5 -5
26 156 -3.5527136788005e-15 5 -5
27 162 -3.5527136788005e-15 5 -5
28 168 -3.5527136788005e-15 5 -5
29 174 -3.5527136788005e-15 5 -5
30 180 -3.5527136788005e-15 5 -5
31 186 -3.5527136788005e-15 5 -5
32 192 -3.5527136788005e-15 5 -5
33 198 -3.5527136788005e-15 5 -5
34 204 -3.5527136788005e-15 5 -5
35 210 -3.5527136788005e-15 5 -5
36 216 -3.5527136788005e-15 5 -5
37 222 -3.5527136788005e-15 5 -5
38 228 -3.5527136788005e-15 5 -5
39 234 -3.5527136788005e-15 5 -5
40 240 -3.5527136788005e-15 5 -5
41 246 -3.5527136788005e-15 5 -5
42 252 -3.5527136788005e-15 5 -5
43 258 -3.5527136788005e-15 5 -5
44 264 -3.5527136788005e-15 5 -5
45 270 -3.5527136788005e-15 5 -5
46 276 -3.5527136788005e-15 5 -5
47 282 -3.5527136788005e-15 5 -5
48 288 -3.5527136788005e-15 5 -5
49 294 -3.5527136788005e-15 5 -5
50 300 -3.5527136788005e-15 5 -5
51 306 -3.5527136788005e-15 5 -5
52 312 -3.5527136788005e-15 5 -5
53 318 -3.5527136788005e-15 5 -5
54 324 -3.5527136788005e-15 5 -5
55 330 -3.5527136788005e-15 5 -5
56 336 -3.5527136788005e-15 5 -5
57 342 -3.5527136788005e-15 5 -5
58 348 -3.5527136788005e-15 5 -5
59 354 -3.5527136788005e-15 5 -5
60 360 -3.5527136788005e-15 5 -5
61 366 -3.5527136788005e-15 5 -5
62 372 -3.5527136788005e-15 5 -5
63 378 -3.5527136788005e-15 5 -5
64 384 -3.5527136788005e-15 5 -5
65 390 -3.5527136788005e-15 5 -5
66 396 -3.5527136788005e-15 5 -5
67 402 -3.5527136788005e-15 5 -5
68 408 -3.5527136788005e-15 5 -5
69 414 -3.5527136788005e-15 5 -5
70 420 -3.5527136788005e-15 5 -5
71 426 -3.5527136788005e-15 5 -5
72 432 -3.5527136788005e-15 5 -5
73 438 -3.5527136788005e-15 5 -5
74 444 -3.5527136788005e-15 5 -5
75 450 -3.5527136788005e-15 5 -5
76 456 -3.5527136788005e-15 5 -5
77 462 -3.5527136788005e-15 5 -5
78 468 -3.5527136788005e-15 5 -5
79 474 -3.5527136788005e-15 5 -5
80 480 -3.5527136788005e-15 5 -5
81 486 -3.5527136788005e-15 5 -5
82 492 -3.5527136788005e-15 5 -5
83 498 -3.5527136788005e-15 5 -5
84 504 -3.5527136788005e-15 5 -5
85 510 -3.5527136788005e-15 5 -5
86 516 -3.5527136788005e-15 5 -5
87 522 -3.5527136788005e-15 5 -5
88 528 -3.5527136788005e-15 5 -5
89 534 -3.5527136788005e-15 5 -5
90 540 -3.5527136788005e-15 5 -5
91 546 -3.5527136788005e-15 5 -5
92 552 -3.5527136788005e-15 5 -5
93 558 -3.5527136788005e-15 5 -5
94 564 -3.5527136788005e-15 5 -5
95 570 -3.5527136788005e-15 5 -5
96 576 -3.5527136788005e-15 5 -5
97 582 -3.5527136788005e-15 5 -5
98 588 -3.5527136788005e-15 5 -5
99 594 -3.5527136788005e-15 5 -5
100 600 -3.5527136788005e-15 5 -5
101 606 -3.5527136788005e-15 5 -5
102 612 -3.5527136788005e-15 5 -5
103 618 -3.5527136788005e-15 5 -5
104 624 -3.5527136788005e-15 5 -5
105 630 -3.5527136788005e-15 5 -5
106 636 -3.5527136788005e-15 5 -5
107 642 -3.5527136788005e-15 5 -5
108 648 -3.5527136788005e-15 5 -5
109 654 -3.5527136788005e-15 5 -5
110 660 -3.5527136788005e-15 5 -5
111 666 -3.5527136788005e-15 5 -5
112 672 -3.5527136788005e-15 5 -5
113 678 -3.5527136788005e-15 5 -5
114 684 -3.5527136788005e-15 5 -5
115 690 -3.5527136788005e-15 5 -5
116 696 -3.5527136788005e-15 5 -5
117 702 -3.5527136788005e-15 5 -5
118 708 -3.5527136788005e-15 5 -5
119 714 -3.5527136788005e-15 5 -5
120 720 -3.5527136788005e-15 5 -5
121 726 -3.5527136788005e-15 5 -5
122 732 -3.5527136788005e-15 5 -5
123 738 -3.5527136788005e-15 5 -5
124 744 -3.5527136788005e-15 5 -5
125 750 -3.5527136788005e-15 5 -5
126 756 -3.5527136788005e-15 5 -5
127 762 -3.5527136788005e-15 5 -5
128 768 -3.5527136788005e-15 5 -5
129 774 -3.5527136788005e-15 5 -5
130 780 -3.5527136788005e-15 5 -5
131 786 -3.5527136788005e-15 5 -5
132 792 -3.5527136788005e-15 5 -5
133 798 -3.5527136788005e-15 5 -5
134 804 -3.5527136788005e-15 5 -5
135 810 -3.5527136788005e-15 5 -5
136 816 -3.5527136788005e-15 5 -5
137 822 -3.5527136788005e-15 5 -5
138 828 -3.5527136788005e-15 5 -5
139 834 -3.5527136788005e-15 5 -5
140 840 -3.5527136788005e-15 5 -5
141 846 -3.5527136788005e-15 5 -5
142 852 -3.5527136788005e-15 5 -5
143 858 -3.5527136788005e-15 5 -5
144 864 -3.5527136788005e-15 5 -5
145 870 -3.5527136788005e-15 5 -5
146 876 -3.5527136788005e-15 5 -5
147 882 -3.5527136788005e-15 5 -5
148 888 -3.5527136788005e-15 5 -5
149 894 -3.5527136788005e-15 5 -5
150 900 -3.5527136788005e-15 5 -5
151 906 -3.5527136788005e-15 5 -5
152 912 -3.5527136788005e-15 5 -5
153 918 -3.5527136788005e-15 5 -5
154 924 -3.5527136788005e-15 5 -5
155 930 -3.5527136788005e-15 5 -5
156 936 -3.5527136788005e-15 5 -5
157 942 -3.5527136788005e-15 5 -5
158 948 -3.5527136788005e-15 5 -5
159 954 -3.5527136788005e-15 5 -5
160 960 -3.5527136788005e-15 5 -5
161 966 -3.5527136788005e-15 5 -5
162 972 -3.5527136788005e-15 5 -5
163 978 -3.5527136788005e-15 5 -5
164 984 -3.5527136788005e-15 5 -5
165 990 -3.5527136788005e-15 5 -5
166 996 -3.5527136788005e-15 5 -5
167 1002 -3.5527136788005e-15 5 -5
168 1008 -3.5527136788005e-15 5 -5
169 1014 -3.5527136788005e-15 5 -5
170 1020 -3.5527136788005e-15 5 -5
171 1026 -3.5527136788005e-15 5 -5
172 1032 -3.5527136788005e-15 5 -5
173 1038 -3.5527136788005e-15 5 -5
174 1044 -3.5527136788005e-15 5 -5
175 1050 -3.5527136788005e-15 5 -5
176 1056 -3.5527136788005e-15 5 -5
177 1062 -3.5527136788005e-15 5 -5
178 1068 -3.5527136788005e-15 5 -5
179 1074 -3.5527136788005e-15 5 -5
180 1080 -3.5527136788005e-15 5 -5
181 1086 -3.5527136788005e-15 5 -5
182 1092 -3.5527136788005e-15 5 -5
183 1098 -3.5527136788005e-15 5 -5
184 1104 -3.5527136788005e-15 5 -5
185 1110 -3.5527136788005e-15 5 -5
186 1116 -3.5527136788005e-15 5 -5
187 1122 -3.5527136788005e-15 5 -5
188 1128 -3.5527136788005e-15 5 -5
189 1134 -3.5527136788005e-15 5 -5
Optimization terminated.
Starting optimization. Instance:12
1 6 15.280034429552 4.25246513610537 -4.39724307065534
2 12 13.3396451439968 3.21297931924386 -4.4873334175247
3 18 6.78021530870001 1.78021530870002 -5
4 24 6.55373282710275 1.55373282710277 -5
5 30 6.55373282710275 1.55373282710277 -5
6 36 5.73253291157744 0.732532911577383 -5
7 42 5.08959772059302 0.0657489324726217 -4.99761512118796
8 48 4.17826862782533 -0.82173137217468 -5
9 54 1.64111675789673 -4.18568510314602 -4.91731981389572
10 60 1.64111675789673 -4.18568510314602 -4.91731981389572
11 66 1.64111675789673 -4.18568510314602 -4.91731981389572
12 72 0 -5 -5
13 78 0 -5 -5
14 84 0 -5 -5
15 90 0 -5 -5
16 96 0 -5 -5
17 102 0 -5 -5
18 108 0 -5 -5
19 114 0 -5 -5
20 120 0 -5 -5
21 126 0 -5 -5
22 132 0 -5 -5
23 138 0 -5 -5
24 144 0 -5 -5
25 150 0 -5 -5
26 156 0 -5 -5
27 162 0 -5 -5
28 168 0 -5 -5
29 174 0 -5 -5
30 180 0 -5 -5
31 186 0 -5 -5
32 192 0 -5 -5
33 198 0 -5 -5
34 204 0 -5 -5
35 210 0 -5 -5
36 216 0 -5 -5
37 222 0 -5 -5
38 228 0 -5 -5
39 234 0 -5 -5
40 240 0 -5 -5
41 246 0 -5 -5
42 252 0 -5 -5
43 258 0 -5 -5
44 264 0 -5 -5
45 270 0 -5 -5
46 276 0 -5 -5
47 282 0 -5 -5
48 288 0 -5 -5
49 294 0 -5 -5
50 300 0 -5 -5
51 306 0 -5 -5
52 312 0 -5 -5
53 318 0 -5 -5
54 324 0 -5 -5
55 330 0 -5 -5
56 336 0 -5 -5
57 342 0 -5 -5
58 348 0 -5 -5
59 354 0 -5 -5
60 360 0 -5 -5
61 366 0 -5 -5
62 372 0 -5 -5
63 378 0 -5 -5
64 384 0 -5 -5
65 390 0 -5 -5
66 396 0 -5 -5
67 402 0 -5 -5
68 408 0 -5 -5
69 414 0 -5 -5
70 420 0 -5 -5
71 426 0 -5 -5
72 432 0 -5 -5
73 438 0 -5 -5
74 444 0 -5 -5
75 450 0 -5 -5
76 456 0 -5 -5
77 462 0 -5 -5
78 468 0 -5 -5
79 474 0 -5 -5
80 480 0 -5 -5
81 486 0 -5 -5
82 492 0 -5 -5
83 498 0 -5 -5
84 504 0 -5 -5
85 510 0 -5 -5
86 516 0 -5 -5
87 522 0 -5 -5
88 528 0 -5 -5
89 534 0 -5 -5
90 540 0 -5 -5
91 546 0 -5 -5
92 552 0 -5 -5
93 558 0 -5 -5
94 564 0 -5 -5
95 570 0 -5 -5
96 576 0 -5 -5
97 582 0 -5 -5
98 588 0 -5 -5
99 594 0 -5 -5
100 600 0 -5 -5
101 606 0 -5 -5
102 612 0 -5 -5
103 618 0 -5 -5
104 624 0 -5 -5
105 630 0 -5 -5
106 636 0 -5 -5
107 642 0 -5 -5
108 648 0 -5 -5
109 654 0 -5 -5
110 660 0 -5 -5
111 666 0 -5 -5
112 672 0 -5 -5
113 678 0 -5 -5
114 684 0 -5 -5
115 690 0 -5 -5
116 696 0 -5 -5
117 702 0 -5 -5
118 708 0 -5 -5
119 714 0 -5 -5
120 720 0 -5 -5
121 726 0 -5 -5
122 732 0 -5 -5
123 738 0 -5 -5
124 744 0 -5 -5
125 750 0 -5 -5
126 756 0 -5 -5
127 762 0 -5 -5
128 768 0 -5 -5
129 774 0 -5 -5
130 780 0 -5 -5
131 786 0 -5 -5
132 792 0 -5 -5
133 798 0 -5 -5
134 804 0 -5 -5
135 810 0 -5 -5
136 816 0 -5 -5
137 822 0 -5 -5
138 828 0 -5 -5
139 834 0 -5 -5
140 840 0 -5 -5
141 846 0 -5 -5
142 852 0 -5 -5
143 858 0 -5 -5
144 864 0 -5 -5
145 870 0 -5 -5
146 876 0 -5 -5
147 882 0 -5 -5
148 888 0 -5 -5
149 894 0 -5 -5
150 900 0 -5 -5
151 906 0 -5 -5
152 912 0 -5 -5
153 918 0 -5 -5
154 924 0 -5 -5
155 930 0 -5 -5
156 936 0 -5 -5
157 942 0 -5 -5
158 948 0 -5 -5
159 954 0 -5 -5
160 960 0 -5 -5
161 966 0 -5 -5
162 972 0 -5 -5
163 978 0 -5 -5
164 984 0 -5 -5
165 990 0 -5 -5
166 996 0 -5 -5
167 1002 0 -5 -5
168 1008 0 -5 -5
169 1014 0 -5 -5
170 1020 0 -5 -5
Optimization terminated.
Starting optimization. Instance:13
1 6 83.9624033131164 -2.77019508857757 -2.61922082245389
2 12 83.9624033131164 -2.77019508857757 -2.61922082245389
3 18 80.4056431039323 -1.92347615631537 -2.34821669476169
4 24 75.290030668093 -1.81543817537008 -1.84745924927229
5 30 74.7705350343504 -1.04785021559235 -1.87226848187581
6 36 67.4188326940159 -1.20258485743703 -1.12162478365789
7 42 45.0344279687753 -0.468281765956299 1.0433853797181
8 48 17.0452048438167 -0.806095783530001 3.87608909397133
9 54 5.99786955915985 -0.997869559159852 5
10 60 3.75509144431219 1.47179266086675 4.97731158948211
11 66 0.317123757237276 4.68287624276272 5
12 72 0.317123757237276 4.68287624276272 5
13 78 0.317123757237276 4.68287624276272 5
14 84 0.317123757237276 4.68287624276272 5
15 90 0.317123757237276 4.68287624276272 5
16 96 0.317123757237276 4.68287624276272 5
17 102 0.317123757237276 4.68287624276272 5
18 108 0.317123757237276 4.68287624276272 5
19 114 0.317123757237276 4.68287624276272 5
20 120 0.317123757237276 4.68287624276272 5
21 126 0.317123757237276 4.68287624276272 5
22 132 0.317123757237276 4.68287624276272 5
23 138 0.208800956762303 4.7911990432377 5
24 144 0 5 5
25 150 0 5 5
26 156 0 5 5
27 162 0 5 5
28 168 0 5 5
29 174 0 5 5
30 180 0 5 5
31 186 0 5 5
32 192 0 5 5
33 198 0 5 5
34 204 0 5 5
35 210 0 5 5
36 216 0 5 5
37 222 0 5 5
38 228 0 5 5
39 234 0 5 5
40 240 0 5 5
41 246 0 5 5
42 252 0 5 5
43 258 0 5 5
44 264 0 5 5
45 270 0 5 5
46 276 0 5 5
47 282 0 5 5
48 288 0 5 5
49 294 0 5 5
50 300 0 5 5
51 306 0 5 5
52 312 0 5 5
53 318 0 5 5
54 324 0 5 5
55 330 0 5 5
56 336 0 5 5
57 342 0 5 5
58 348 0 5 5
59 354 0 5 5
60 360 0 5 5
61 366 0 5 5
62 372 0 5 5
63 378 0 5 5
64 384 0 5 5
65 390 0 5 5
66 396 0 5 5
67 402 0 5 5
68 408 0 5 5
69 414 0 5 5
70 420 0 5 5
71 426 0 5 5
72 432 0 5 5
73 438 0 5 5
74 444 0 5 5
75 450 0 5 5
76 456 0 5 5
77 462 0 5 5
78 468 0 5 5
79 474 0 5 5
80 480 0 5 5
81 486 0 5 5
82 492 0 5 5
83 498 0 5 5
84 504 0 5 5
85 510 0 5 5
86 516 0 5 5
87 522 0 5 5
88 528 0 5 5
89 534 0 5 5
90 540 0 5 5
91 546 0 5 5
92 552 0 5 5
93 558 0 5 5
94 564 0 5 5
95 570 0 5 5
96 576 0 5 5
97 582 0 5 5
98 588 0 5 5
99 594 0 5 5
100 600 0 5 5
101 606 0 5 5
102 612 0 5 5
103 618 0 5 5
104 624 0 5 5
105 630 0 5 5
106 636 0 5 5
107 642 0 5 5
108 648 0 5 5
109 654 0 5 5
110 660 0 5 5
111 666 0 5 5
112 672 0 5 5
113 678 0 5 5
114 684 0 5 5
115 690 0 5 5
116 696 0 5 5
117 702 0 5 5
118 708 0 5 5
119 714 0 5 5
120 720 0 5 5
121 726 0 5 5
122 732 0 5 5
123 738 0 5 5
124 744 0 5 5
125 750 0 5 5
126 756 0 5 5
127 762 0 5 5
128 768 0 5 5
129 774 0 5 5
130 780 0 5 5
131 786 0 5 5
132 792 0 5 5
133 798 0 5 5
134 804 0 5 5
135 810 0 5 5
136 816 0 5 5
137 822 0 5 5
138 828 0 5 5
139 834 0 5 5
140 840 0 5 5
141 846 0 5 5
142 852 0 5 5
143 858 0 5 5
144 864 0 5 5
145 870 0 5 5
146 876 0 5 5
147 882 0 5 5
148 888 0 5 5
149 894 0 5 5
150 900 0 5 5
151 906 0 5 5
152 912 0 5 5
153 918 0 5 5
154 924 0 5 5
155 930 0 5 5
156 936 0 5 5
157 942 0 5 5
158 948 0 5 5
159 954 0 5 5
160 960 0 5 5
161 966 0 5 5
162 972 0 5 5
163 978 0 5 5
164 984 0 5 5
165 990 0 5 5
166 996 0 5 5
167 1002 0 5 5
168 1008 0 5 5
169 1014 0 5 5
170 1020 0 5 5
171 1026 0 5 5
172 1032 0 5 5
173 1038 0 5 5
174 1044 0 5 5
175 1050 0 5 5
176 1056 0 5 5
177 1062 0 5 5
178 1068 0 5 5
179 1074 0 5 5
180 1080 0 5 5
181 1086 0 5 5
182 1092 0 5 5
Optimization terminated.
Starting optimization. Instance:14
1 6 8.35127561254986 -3.35127561254984 -5
2 12 7.70107792223901 -2.701077922239 -5
3 18 7.27019493428843 -2.27019493428842 -5
4 24 4.56110435163326 0.438895648366743 -5
5 30 4.56110435163326 0.438895648366743 -5
6 36 1.81668401052305 3.18331598947697 -5
7 42 1.81668401052305 3.18331598947697 -5
8 48 1.81668401052305 3.18331598947697 -5
9 54 0.80270849403243 4.19729150596758 -5
10 60 0.80270849403243 4.19729150596758 -5
11 66 1.4210854715202e-14 5 -5
12 72 1.4210854715202e-14 5 -5
13 78 1.4210854715202e-14 5 -5
14 84 1.4210854715202e-14 5 -5
15 90 1.4210854715202e-14 5 -5
16 96 1.4210854715202e-14 5 -5
17 102 1.4210854715202e-14 5 -5
18 108 1.4210854715202e-14 5 -5
19 114 1.4210854715202e-14 5 -5
20 120 1.4210854715202e-14 5 -5
21 126 1.4210854715202e-14 5 -5
22 132 1.4210854715202e-14 5 -5
23 138 1.4210854715202e-14 5 -5
24 144 1.4210854715202e-14 5 -5
25 150 1.4210854715202e-14 5 -5
26 156 1.4210854715202e-14 5 -5
27 162 1.4210854715202e-14 5 -5
28 168 1.4210854715202e-14 5 -5
29 174 1.4210854715202e-14 5 -5
30 180 1.4210854715202e-14 5 -5
31 186 1.4210854715202e-14 5 -5
32 192 1.4210854715202e-14 5 -5
33 198 1.4210854715202e-14 5 -5
34 204 1.4210854715202e-14 5 -5
35 210 1.4210854715202e-14 5 -5
36 216 1.4210854715202e-14 5 -5
37 222 1.4210854715202e-14 5 -5
38 228 1.4210854715202e-14 5 -5
39 234 1.4210854715202e-14 5 -5
40 240 1.4210854715202e-14 5 -5
41 246 1.4210854715202e-14 5 -5
42 252 1.4210854715202e-14 5 -5
43 258 1.4210854715202e-14 5 -5
44 264 1.4210854715202e-14 5 -5
45 270 1.4210854715202e-14 5 -5
46 276 1.4210854715202e-14 5 -5
47 282 1.4210854715202e-14 5 -5
48 288 1.4210854715202e-14 5 -5
49 294 1.4210854715202e-14 5 -5
50 300 1.4210854715202e-14 5 -5
51 306 1.4210854715202e-14 5 -5
52 312 1.4210854715202e-14 5 -5
53 318 1.4210854715202e-14 5 -5
54 324 1.4210854715202e-14 5 -5
55 330 1.4210854715202e-14 5 -5
56 336 1.4210854715202e-14 5 -5
57 342 1.4210854715202e-14 5 -5
58 348 1.4210854715202e-14 5 -5
59 354 1.4210854715202e-14 5 -5
60 360 1.4210854715202e-14 5 -5
61 366 1.4210854715202e-14 5 -5
62 372 1.4210854715202e-14 5 -5
63 378 1.4210854715202e-14 5 -5
64 384 1.4210854715202e-14 5 -5
65 390 1.4210854715202e-14 5 -5
66 396 1.4210854715202e-14 5 -5
67 402 1.4210854715202e-14 5 -5
68 408 1.4210854715202e-14 5 -5
69 414 1.4210854715202e-14 5 -5
70 420 1.4210854715202e-14 5 -5
71 426 1.4210854715202e-14 5 -5
72 432 1.4210854715202e-14 5 -5
73 438 1.4210854715202e-14 5 -5
74 444 1.4210854715202e-14 5 -5
75 450 1.4210854715202e-14 5 -5
76 456 1.4210854715202e-14 5 -5
77 462 1.4210854715202e-14 5 -5
78 468 1.4210854715202e-14 5 -5
79 474 1.4210854715202e-14 5 -5
80 480 1.4210854715202e-14 5 -5
81 486 1.4210854715202e-14 5 -5
82 492 1.4210854715202e-14 5 -5
83 498 1.4210854715202e-14 5 -5
84 504 1.4210854715202e-14 5 -5
85 510 1.4210854715202e-14 5 -5
86 516 1.4210854715202e-14 5 -5
87 522 1.4210854715202e-14 5 -5
88 528 1.4210854715202e-14 5 -5
89 534 1.4210854715202e-14 5 -5
90 540 1.4210854715202e-14 5 -5
91 546 1.4210854715202e-14 5 -5
92 552 1.4210854715202e-14 5 -5
93 558 1.4210854715202e-14 5 -5
94 564 1.4210854715202e-14 5 -5
95 570 1.4210854715202e-14 5 -5
96 576 1.4210854715202e-14 5 -5
97 582 1.4210854715202e-14 5 -5
98 588 1.4210854715202e-14 5 -5
99 594 1.4210854715202e-14 5 -5
100 600 1.4210854715202e-14 5 -5
101 606 1.4210854715202e-14 5 -5
102 612 1.4210854715202e-14 5 -5
103 618 1.4210854715202e-14 5 -5
104 624 1.4210854715202e-14 5 -5
105 630 1.4210854715202e-14 5 -5
106 636 1.4210854715202e-14 5 -5
107 642 1.4210854715202e-14 5 -5
108 648 1.4210854715202e-14 5 -5
109 654 1.4210854715202e-14 5 -5
110 660 1.4210854715202e-14 5 -5
111 666 1.4210854715202e-14 5 -5
112 672 1.4210854715202e-14 5 -5
113 678 1.4210854715202e-14 5 -5
114 684 1.4210854715202e-14 5 -5
115 690 1.4210854715202e-14 5 -5
116 696 1.4210854715202e-14 5 -5
117 702 1.4210854715202e-14 5 -5
118 708 1.4210854715202e-14 5 -5
119 714 1.4210854715202e-14 5 -5
120 720 1.4210854715202e-14 5 -5
121 726 1.4210854715202e-14 5 -5
122 732 1.4210854715202e-14 5 -5
123 738 1.4210854715202e-14 5 -5
124 744 1.4210854715202e-14 5 -5
125 750 1.4210854715202e-14 5 -5
126 756 1.4210854715202e-14 5 -5
127 762 1.4210854715202e-14 5 -5
128 768 1.4210854715202e-14 5 -5
129 774 1.4210854715202e-14 5 -5
130 780 1.4210854715202e-14 5 -5
131 786 1.4210854715202e-14 5 -5
132 792 1.4210854715202e-14 5 -5
133 798 1.4210854715202e-14 5 -5
134 804 1.4210854715202e-14 5 -5
135 810 1.4210854715202e-14 5 -5
136 816 1.4210854715202e-14 5 -5
137 822 1.4210854715202e-14 5 -5
138 828 1.4210854715202e-14 5 -5
139 834 1.4210854715202e-14 5 -5
140 840 1.4210854715202e-14 5 -5
141 846 1.4210854715202e-14 5 -5
142 852 1.4210854715202e-14 5 -5
143 858 1.4210854715202e-14 5 -5
144 864 1.4210854715202e-14 5 -5
145 870 1.4210854715202e-14 5 -5
146 876 1.4210854715202e-14 5 -5
147 882 1.4210854715202e-14 5 -5
148 888 1.4210854715202e-14 5 -5
149 894 1.4210854715202e-14 5 -5
150 900 1.4210854715202e-14 5 -5
151 906 1.4210854715202e-14 5 -5
152 912 1.4210854715202e-14 5 -5
153 918 1.4210854715202e-14 5 -5
154 924 1.4210854715202e-14 5 -5
155 930 1.4210854715202e-14 5 -5
156 936 1.4210854715202e-14 5 -5
157 942 1.4210854715202e-14 5 -5
158 948 1.4210854715202e-14 5 -5
159 954 1.4210854715202e-14 5 -5
160 960 1.4210854715202e-14 5 -5
161 966 1.4210854715202e-14 5 -5
162 972 1.4210854715202e-14 5 -5
163 978 1.4210854715202e-14 5 -5
164 984 1.4210854715202e-14 5 -5
165 990 1.4210854715202e-14 5 -5
166 996 1.4210854715202e-14 5 -5
Optimization terminated.
Starting optimization. Instance:15
1 6 62.859607995888 2.06649818524153 0.992610618112957
2 12 62.6680954803157 1.35300601904715 0.902110149936283
3 18 55.0358798183327 2.74956538331869 0.278544520165136
4 24 39.7467109338194 1.82250567905466 -1.3430783387126
5 30 10.266851401919 1.6301340926105 -4.31030145054705
6 36 10.266851401919 1.6301340926105 -4.31030145054705
7 42 0.368756675755392 4.63124332424461 -5
8 48 0.368756675755392 4.63124332424461 -5
9 54 0.368756675755392 4.63124332424461 -5
10 60 0.368756675755392 4.63124332424461 -5
11 66 0.368756675755392 4.63124332424461 -5
12 72 0.368756675755392 4.63124332424461 -5
13 78 0.368756675755392 4.63124332424461 -5
14 84 0.368756675755392 4.63124332424461 -5
15 90 0.368756675755392 4.63124332424461 -5
16 96 0.368756675755392 4.63124332424461 -5
17 102 0.368756675755392 4.63124332424461 -5
18 108 0.368756675755392 4.63124332424461 -5
19 114 0.368756675755392 4.63124332424461 -5
20 120 0.368756675755392 4.63124332424461 -5
21 126 0.368756675755392 4.63124332424461 -5
22 132 0.0854941344688873 4.91450586553111 -5
23 138 0.0854941344688873 4.91450586553111 -5
24 144 0.0854941344688873 4.91450586553111 -5
25 150 0.0854941344688873 4.91450586553111 -5
26 156 0.0854941344688873 4.91450586553111 -5
27 162 0.0854941344688873 4.91450586553111 -5
28 168 0.0854941344688873 4.91450586553111 -5
29 174 -8.88178419700125e-16 5 -5
30 180 -8.88178419700125e-16 5 -5
31 186 -8.88178419700125e-16 5 -5
32 192 -8.88178419700125e-16 5 -5
33 198 -8.88178419700125e-16 5 -5
34 204 -8.88178419700125e-16 5 -5
35 210 -8.88178419700125e-16 5 -5
36 216 -8.88178419700125e-16 5 -5
37 222 -8.88178419700125e-16 5 -5
38 228 -8.88178419700125e-16 5 -5
39 234 -8.88178419700125e-16 5 -5
40 240 -8.88178419700125e-16 5 -5
41 246 -8.88178419700125e-16 5 -5
42 252 -8.88178419700125e-16 5 -5
43 258 -8.88178419700125e-16 5 -5
44 264 -8.88178419700125e-16 5 -5
45 270 -8.88178419700125e-16 5 -5
46 276 -8.88178419700125e-16 5 -5
47 282 -8.88178419700125e-16 5 -5
48 288 -8.88178419700125e-16 5 -5
49 294 -8.88178419700125e-16 5 -5
50 300 -8.88178419700125e-16 5 -5
51 306 -8.88178419700125e-16 5 -5
52 312 -8.88178419700125e-16 5 -5
53 318 -8.88178419700125e-16 5 -5
54 324 -8.88178419700125e-16 5 -5
55 330 -8.88178419700125e-16 5 -5
56 336 -8.88178419700125e-16 5 -5
57 342 -8.88178419700125e-16 5 -5
58 348 -8.88178419700125e-16 5 -5
59 354 -8.88178419700125e-16 5 -5
60 360 -8.88178419700125e-16 5 -5
61 366 -8.88178419700125e-16 5 -5
62 372 -8.88178419700125e-16 5 -5
63 378 -8.88178419700125e-16 5 -5
64 384 -8.88178419700125e-16 5 -5
65 390 -8.88178419700125e-16 5 -5
66 396 -8.88178419700125e-16 5 -5
67 402 -8.88178419700125e-16 5 -5
68 408 -8.88178419700125e-16 5 -5
69 414 -8.88178419700125e-16 5 -5
70 420 -8.88178419700125e-16 5 -5
71 426 -8.88178419700125e-16 5 -5
72 432 -8.88178419700125e-16 5 -5
73 438 -8.88178419700125e-16 5 -5
74 444 -8.88178419700125e-16 5 -5
75 450 -8.88178419700125e-16 5 -5
76 456 -8.88178419700125e-16 5 -5
77 462 -8.88178419700125e-16 5 -5
78 468 -8.88178419700125e-16 5 -5
79 474 -8.88178419700125e-16 5 -5
80 480 -8.88178419700125e-16 5 -5
81 486 -8.88178419700125e-16 5 -5
82 492 -8.88178419700125e-16 5 -5
83 498 -8.88178419700125e-16 5 -5
84 504 -8.88178419700125e-16 5 -5
85 510 -8.88178419700125e-16 5 -5
86 516 -8.88178419700125e-16 5 -5
87 522 -8.88178419700125e-16 5 -5
88 528 -8.88178419700125e-16 5 -5
89 534 -8.88178419700125e-16 5 -5
90 540 -8.88178419700125e-16 5 -5
91 546 -8.88178419700125e-16 5 -5
92 552 -8.88178419700125e-16 5 -5
93 558 -8.88178419700125e-16 5 -5
94 564 -8.88178419700125e-16 5 -5
95 570 -8.88178419700125e-16 5 -5
96 576 -8.88178419700125e-16 5 -5
97 582 -8.88178419700125e-16 5 -5
98 588 -8.88178419700125e-16 5 -5
99 594 -8.88178419700125e-16 5 -5
100 600 -8.88178419700125e-16 5 -5
101 606 -8.88178419700125e-16 5 -5
102 612 -8.88178419700125e-16 5 -5
103 618 -8.88178419700125e-16 5 -5
104 624 -8.88178419700125e-16 5 -5
105 630 -8.88178419700125e-16 5 -5
106 636 -8.88178419700125e-16 5 -5
107 642 -8.88178419700125e-16 5 -5
108 648 -8.88178419700125e-16 5 -5
109 654 -8.88178419700125e-16 5 -5
110 660 -8.88178419700125e-16 5 -5
111 666 -8.88178419700125e-16 5 -5
112 672 -8.88178419700125e-16 5 -5
113 678 -8.88178419700125e-16 5 -5
114 684 -8.88178419700125e-16 5 -5
115 690 -8.88178419700125e-16 5 -5
116 696 -8.88178419700125e-16 5 -5
117 702 -8.88178419700125e-16 5 -5
118 708 -8.88178419700125e-16 5 -5
119 714 -8.88178419700125e-16 5 -5
120 720 -8.88178419700125e-16 5 -5
121 726 -8.88178419700125e-16 5 -5
122 732 -8.88178419700125e-16 5 -5
123 738 -8.88178419700125e-16 5 -5
124 744 -8.88178419700125e-16 5 -5
125 750 -8.88178419700125e-16 5 -5
126 756 -8.88178419700125e-16 5 -5
127 762 -8.88178419700125e-16 5 -5
128 768 -8.88178419700125e-16 5 -5
129 774 -8.88178419700125e-16 5 -5
130 780 -8.88178419700125e-16 5 -5
131 786 -8.88178419700125e-16 5 -5
132 792 -8.88178419700125e-16 5 -5
133 798 -8.88178419700125e-16 5 -5
134 804 -8.88178419700125e-16 5 -5
135 810 -8.88178419700125e-16 5 -5
136 816 -8.88178419700125e-16 5 -5
137 822 -8.88178419700125e-16 5 -5
138 828 -8.88178419700125e-16 5 -5
139 834 -8.88178419700125e-16 5 -5
140 840 -8.88178419700125e-16 5 -5
141 846 -8.88178419700125e-16 5 -5
142 852 -8.88178419700125e-16 5 -5
143 858 -8.88178419700125e-16 5 -5
144 864 -8.88178419700125e-16 5 -5
145 870 -8.88178419700125e-16 5 -5
146 876 -8.88178419700125e-16 5 -5
147 882 -8.88178419700125e-16 5 -5
148 888 -8.88178419700125e-16 5 -5
149 894 -8.88178419700125e-16 5 -5
150 900 -8.88178419700125e-16 5 -5
151 906 -8.88178419700125e-16 5 -5
152 912 -8.88178419700125e-16 5 -5
153 918 -8.88178419700125e-16 5 -5
154 924 -8.88178419700125e-16 5 -5
155 930 -8.88178419700125e-16 5 -5
156 936 -8.88178419700125e-16 5 -5
157 942 -8.88178419700125e-16 5 -5
158 948 -8.88178419700125e-16 5 -5
159 954 -8.88178419700125e-16 5 -5
160 960 -8.88178419700125e-16 5 -5
161 966 -8.88178419700125e-16 5 -5
162 972 -8.88178419700125e-16 5 -5
163 978 -8.88178419700125e-16 5 -5
164 984 -8.88178419700125e-16 5 -5
165 990 -8.88178419700125e-16 5 -5
166 996 -8.88178419700125e-16 5 -5
167 1002 -8.88178419700125e-16 5 -5
168 1008 -8.88178419700125e-16 5 -5
169 1014 -8.88178419700125e-16 5 -5
170 1020 -8.88178419700125e-16 5 -5
171 1026 -8.88178419700125e-16 5 -5
172 1032 -8.88178419700125e-16 5 -5
173 1038 -8.88178419700125e-16 5 -5
174 1044 -8.88178419700125e-16 5 -5
175 1050 -8.88178419700125e-16 5 -5
176 1056 -8.88178419700125e-16 5 -5
177 1062 -8.88178419700125e-16 5 -5
178 1068 -8.88178419700125e-16 5 -5
179 1074 -8.88178419700125e-16 5 -5
180 1080 -8.88178419700125e-16 5 -5
181 1086 -8.88178419700125e-16 5 -5
182 1092 -8.88178419700125e-16 5 -5
183 1098 -8.88178419700125e-16 5 -5
184 1104 -8.88178419700125e-16 5 -5
185 1110 -8.88178419700125e-16 5 -5
186 1116 -8.88178419700125e-16 5 -5
187 1122 -8.88178419700125e-16 5 -5
188 1128 -8.88178419700125e-16 5 -5
189 1134 -8.88178419700125e-16 5 -5
190 1140 -8.88178419700125e-16 5 -5
191 1146 -8.88178419700125e-16 5 -5
192 1152 -8.88178419700125e-16 5 -5
193 1158 -8.88178419700125e-16 5 -5
194 1164 -8.88178419700125e-16 5 -5
195 1170 -8.88178419700125e-16 5 -5
Optimization terminated.
